td_0_string=_
td_0_data=577.000000 6.000000 1 0 1 0 0.600000 10.300003 -1 255 1296911871 1 300.500000 84.500000 0 2 1 0 1 1 -10.000000 0.000000 -20.000000 1.000000 255 255 255 backBox
td_0_bar_data=100.000000 0 
td_1_string=$00000000
td_1_data=549.000000 76.000000 3 0 2 0 0.279166 1.399999 -1061109505 255 50 0 400.000000 17.000000 0 1 1 0 1 1 -10.000000 0.000000 -20.000000 1.000000 255 255 50 playerMoney
td_1_bar_data=100.000000 0 
td_2_string=100
td_2_data=578.000000 57.000000 2 0 1 0 0.241666 0.899999 -1 255 50 0 400.000000 17.000000 0 2 1 0 1 1 -10.000000 0.000000 -20.000000 1.000000 255 255 50 playerArmour
td_2_bar_data=100.000000 0 
td_3_string=Preview_Model
td_3_data=552.000000 8.000000 5 0 0 0 0.600000 2.000000 -1 1296911871 1296911871 0 50.000000 43.000000 0 1 1 24 1 1 -10.000000 0.000000 -20.000000 1.000000 255 255 255 playerChar
td_3_bar_data=100.000000 0 
