td_0_string=BUFFALO
td_0_data=400.000000 279.000000 2 0 1 1 0.337500 1.500000 1296911871 255 50 0 400.000000 17.000000 0 1 1 0 1 1 -10.000000 0.000000 -20.000000 1.000000 255 255 50 
td_0_bar_data=100.000000 0 
td_1_string=KM/h: 100
td_1_data=515.000000 304.000000 2 0 1 1 0.337500 1.500000 -65281 255 50 0 400.000000 17.000000 0 3 1 0 1 1 -10.000000 0.000000 -20.000000 1.000000 255 255 50 
td_1_bar_data=100.000000 0 
td_2_string=PlayerProgressBar
td_2_data=403.000000 296.000000 6 1 1 0 0.600000 2.000000 -764862721 255 50 1 113.500000 -1.500000 0 1 1 0 1 1 -10.000000 0.000000 -20.000000 1.000000 255 255 50 
td_2_bar_data=100.000000 0 
td_3_string=Preview_Model
td_3_data=450.000000 212.000000 5 0 0 0 0.600000 2.000000 -1 0 255 0 70.500000 92.500000 0 1 1 567 105 1 -21.000000 0.000000 -22.000000 1.099997 255 0 255 
td_3_bar_data=100.000000 0 
td_4_string=_
td_4_data=458.000000 302.000000 1 0 1 0 0.600000 -0.000011 -1 255 255 1 286.000000 110.500000 0 2 1 0 1 1 -10.000000 0.000000 -20.000000 1.000000 255 255 255 
td_4_bar_data=100.000000 0 
td_5_string=_
td_5_data=517.000000 259.000000 1 0 1 0 0.600000 8.149991 -1 255 255 1 295.000000 -1.500000 0 2 1 0 1 1 -10.000000 0.000000 -20.000000 1.000000 255 255 255 
td_5_bar_data=100.000000 0 
